Table of 3:
3
6
9
12
15
18
21
24
27
30
Table of 2:
2
4
6
8
10
12
14
16
18
20
Table of 734985384793475397539856346634896539856938658943:
734985384793475397539856346634896539856938658943
1469970769586950795079712693269793079713877317886
2204956154380426192619569039904689619570815976829
2939941539173901590159425386539586159427754635772
3674926923967376987699281733174482699284693294715
4409912308760852385239138079809379239141631953658
5144897693554327782778994426444275778998570612601
5879883078347803180318850773079172318855509271544
6614868463141278577858707119714068858712447930487
7349853847934753975398563466348965398569386589430
